16
1 2 3 4 5 6 7 8 9 10 11 12 13 14 15 16
67
27 0,0 0,1 1,0
26 0,2 0,3 1,2 1,3
26 0,4 0,5 0,6 1,4 1,5 2,4
23 0,7 0,8 1,7 1,8
74 0,9 0,10 0,11 1,9 1,10 2,10
15 0,12 1,12
57 0,13 0,14 0,15 1,14
27 1,1 2,1 2,2
41 1,6 2,6 3,6 4,6
26 1,11 2,11
48 1,13 2,13 3,13 4,13 4,14 4,15
45 1,15 2,14 2,15 3,14 3,15
26 2,0 3,0 3,1 3,2
69 2,3 2,5 3,3 3,4 3,5
21 2,7 2,8
6 2,9 3,9
11 2,12 3,12
49 3,7 3,8 4,8 4,9 5,9
62 3,10 3,11 4,10 4,11 4,12 5,11
17 4,0 4,1 5,0 5,1 5,2
34 4,2 4,3 5,3 6,3
9 4,4 4,5
49 4,7 5,5 5,6 5,7 6,7
36 5,4 6,4 7,3 7,4
41 5,8 6,8 6,9 7,7 7,8 7,9
18 5,10 6,10
42 5,12 5,13 6,12 6,13
14 5,14 6,14 7,14
13 5,15 6,15 7,15
56 6,0 6,1 6,2 7,0 7,1
19 6,5 7,5
40 6,6 7,6 8,5 8,6 9,6
65 6,11 7,11 8,11 8,12 9,12 9,13
17 7,2 8,2
18 7,10 8,9 8,10
15 7,12 7,13
25 8,0 8,1 9,0 10,0
45 8,3 8,4 9,2 9,3 10,2
39 8,7 8,8 9,7 9,8
46 8,13 8,14 8,15 9,14 9,15
33 9,1 10,1 11,1
20 9,4 9,5 10,4
43 9,9 9,10 9,11 10,9 10,10
37 10,3 11,2 11,3 11,4
35 10,5 10,6 11,5 12,5
43 10,7 10,8 11,7 11,8 11,9 12,7
28 10,11 10,12 11,11
30 10,13 10,14 10,15 11,13 11,14
21 11,0 12,0
29 11,6 12,6 13,6
29 11,10 12,9 12,10 12,11
32 11,12 12,12 13,11 13,12
23 11,15 12,14 12,15
29 12,1 13,1 13,2
16 12,2 12,3 13,3
50 12,4 13,4 14,3 14,4 15,4
46 12,8 13,7 13,8 13,9 13,10 14,10
14 12,13 13,13
44 13,0 14,0 15,0
35 13,5 14,5 14,6 15,5 15,6
50 13,14 13,15 14,14 14,15 15,15
23 14,1 14,2 15,1
13 14,7 15,7
47 14,8 14,9 15,8 15,9
35 14,11 14,12 14,13 15,12 15,13 15,14
15 15,2 15,3
19 15,10 15,11